part(c)
The result is arranged as "a, b", and "error"
T=1,
[-912.28577  -891.18987  -590.88612  -401.486045]
477.0
0.068
T=2,
[-2183.958693  -1340.37904   -1238.2101224  -434.664988 ]
1220.0
0.028
T=3,
[-3029.88599  -2194.06002  -1960.538716  -883.144148]
2138.0
0.018
T=4,
[-4611.9390763 -3037.93408   -2755.8272098 -1367.898125 ]
3320.0
0.02
T=5,
[-4901.389898 -3335.78244  -3194.948202 -1206.473322]
3620.0
0.016
T=6,
[-6655.86682   -4242.54819   -4136.27574   -1281.1659326]
5047.0
0.018
T=7,
[-7715.59048  -5095.30755  -4933.885876 -1475.34986 ]
5573.0
0.018
T=8,
[-7710.245885  -5332.96727   -5001.7495418 -1782.849319 ]
6319.0
0.016
T=9,
[-9518.669137 -6149.65793  -5925.65171  -1813.177079]
7334.0
0.018
T=10
[-9550.0405197 -6113.80627   -5982.1740012 -1677.5953646]
8195.0
0.014
